57405
16996
60766
22492
30674
32672
18193
33667
49967
26857
46315
31703
48153
51792
12541
35361
37367
23938
17397
22378
10290
41792
26283
20305
21473
21313
44988
31637
29926
18305
19359
30343
23497
44121
14734
16872
12286
20993
26204
78316
46235
27053
22432
25714
30385
13205
40971
12853
28543
24186
43955
48072
41568
14007
17626
73897
26531
22066
30891
32876
19427
41860
13750
24588
21231
19257
22256
34807
21945
29323
58881
47780
32373
45287
34826
14146
23052
53901
30112
17413
38565
16848
27928
46273
57051
38267
41523
19198
55499
15308
68976
19597
17479
25137
31397
66526
38522
33481
42327
40372
31465
30141
24319
20718
26950
25646
27816
34265
21249
25199
33494
25020
22198
44058
44691
20903
28080
19418
32489
43064
25395
44411
19983
23870
28947
32367
20138
29473
28612
35755
33319
28613
31213
24172
24650
47298
43926
33511
38706
25676
28672
58992
28984
42017
24612
25052
21642
23530
23430
23464
40280
28507
18222
23515
29147
24909
20237
63294
31005
17524
19454
32125
30411
39523
39768
30432
20167
34791
44567
13054
23510
27993
33886
34905
26903
26484
24044
29065
21853
52558
25054
36827
34260
20240
33217
47559
46311
23586
27043
28417
16556
20446
30526
16639
42973
25668
22719
21622
36096
18892
47253
20424
31697
33770
28829
29613
26450
29288
24463
36276
23990
36130
35107
21712
25171
35613
30176
28771
35279
25553
43254
31322
23901
27977
32750
30600
36295
26161
29063
35211
27290
21137
34860
31057
22920
40622
38089
36798
39245
27219
27392
30323
26358
20926
38427
23820
35452
34372
24839
25757
39818
28849
35666
35099
33871
42472
32469
24080
29361
23502
29573
35653
27541
33271
35973
26449
25325
29846
31505
29453
40859
40903
39255
31029
22666
22734
31044
27141
21914
39456
24056
35260
30875
30590
22726
35351
25948
34996
29027
28999
40968
26675
17761
29821
26955
31568
40266
22631
29048
41522
27286
29743
29347
30896
31313
31150
28779
31877
37178
25831
32701
30726
36932
28369
29425
28684
33750
29428
30465
29557
29032
34274
26517
32915
27199
31095
29743
30266
32948
30519
28647
31302
36687
26354
32515
31657
35976
28713
30311
29207
32407
30626
29126
29026
27375
33430
26712
31930
29780
29714
30853
31622
31443
30662
28379
32151
36381
26420
33524
31111
34057
29033
29037
29218
30965
29704
30282
28458
28678
33524
27211
33618
30557
28650
31296
32232
33164
30609
30598
33673
35584
25887
34228
28643
36416
30177
28891
28990
31351
29117
29942
28968
28222
33519
28608
32604
30394
29731
30380
34107
